date,impfungen_kumulativ,differenz_zum_vortag,indikation_nach_alter,berufliche_indikation,medizinische_indikation,pflegeheimbewohnerin,impfungen_pro_1000_einwohner
2020-12-28 16:15,445,,197,222,0,223,
2020-12-29 08:00,1071,626,507,471,,600,
2020-12-30 11:00,1499,428,704,661,0,839,
2020-12-31 08:30,2040,541,832,1042,,999,
2021-01-01 12:30,2759,719,1129,1420,,1341,
2021-01-02 08:00,3042,283,1129,1703,,1341,
2021-01-03 08:00,3704,662,1439,2010,,1696,
2021-01-04 12:00,4140,436,1616,2189,0,1953,2.2411656659916104
2021-01-05 12:00,4756,616,1704,2698,0,2060,2.5746337940715214
2021-01-06 11:00,5901,1145,1996,3495,44,2122,3.1944730905836938
2021-01-07 11:00,7079,1178,2415,3561,86,2271,3.832176751100147
2021-01-08 11:00,8471,1392,2788,4313,108,2352,4.585728105462544
2021-01-09 11:00,9888,1417,3172,5188,116,2579,5.352813068919092
2021-01-11 11:00,12695,1336,4312,6397,144,3361,6.872366698010506
2021-01-12 11:00,14273,1578,4944,6649,692,3675,7.726608104033394
2021-01-13 11:00,15980,1707,5578,6866,1503,3891,8.650682932982109
2021-01-14 11:00,18150,2129,6274,8161,1729,4195,9.825400202354524
2021-01-15 11:00,19422,1272,6851,8250,2263,4486,10.513990233064987
2021-01-16 11:00,21951,1706,7822,9606,2270,5348,11.883050129029428
2021-01-17,24893,1609,9376,11180,1812,6583,
2021-01-18,27115,,10290,12216,1817,7421,
