date,publication_date,impfungen_kumulativ,indikation_nach_alter,berufliche_indikation,pflegeheimbewohnerin,differenz_zum_vortag,medizinische_indikation,impfungen_pro_1000_einwohner
2020-12-27,2020-12-28 16:15,215,168,4,211,,,
2020-12-28,2020-12-29 08:00,862,658,51,466,647,,
2020-12-30,2020-12-31 08:30,2119,1641,161,899,601,0,
2020-12-31,2021-01-01 12:30,2716,2065,248,1080,597,,
2021-01-01,2021-01-02 08:00,3316,2508,335,1294,600,,
2021-01-02,2021-01-03 08:00,4149,3122,495,1580,833,,
2021-01-03,2021-01-04 12:00,4149,3122,495,1580,,0,4.204128740169847
2021-01-04,2021-01-05 12:00,4836,3655,584,1823,687,0,4.9002570709716515
2021-01-05,2021-01-06 11:00,5633,4279,672,2156,797,,5.707846997680585
2021-01-06,2021-01-07 11:00,6511,4940,813,2430,878,,6.597513190466588
2021-01-07,2021-01-08 11:00,7358,5596,966,2663,837,0,7.455767478951491
2021-01-08,2021-01-09 11:00,8232,6236,1104,2938,874,0,8.341380522795417
2021-01-10,2021-01-11 11:00,9157,6956,1229,3253,0,,9.27867121565083
2021-01-11,2021-01-12 11:00,10130,7656,1435,3535,973,0,10.264599695811171
2021-01-12,2021-01-13 11:00,11199,8358,1791,3790,1069,0,11.347803750581374
2021-01-13,2021-01-14 11:00,12243,9064,2024,4124,1046,,12.405675624463592
2021-01-14,2021-01-15 11:00,13301,9796,2256,4461,1052,0,13.47773351964308
2021-01-15,2021-01-16 11:00,14421,10634,2421,4899,1120,0,14.612615223424768
2021-01-17,2021-01-18 11:00,15711,11626,2551,5560,250,,
2021-01-18,2021-01-19 14:00,16957,12177,3128,5808,1246,,
2021-01-19,2021-01-20 10:00,17759,12754,3280,6049,802,,
2021-01-20,2021-01-21 10:00,18612,13307,3501,6274,853,,
2021-01-21,2021-01-22 10:00,19457,13800,3773,6434,844,,
2021-01-22,2021-01-23 10:00,20353,14367,4002,6733,896,,
2021-01-24,2021-01-25 10:00,21339,15048,4239,7013,0,,
2021-01-25,2021-01-26 10:00,22738,15943,4767,7226,1399,,
2021-01-26,2021-01-27 10:00,24255,16922,5309,7533,1517,,
2021-01-27,2021-01-28 10:00,25815,17929,5890,7815,1560,,
2021-01-28,2021-01-29 10:00,27402,18977,6053,8126,1587,,
2021-01-29,2021-01-30 10:00,28948,19951,6521,8415,1546,,
2021-01-31,2021-02-01 10:00,30425,20994,6858,8746,0,,
